inputs for path-finding

3x3 grid

1,1,1
1,0,0
1,0,1

5x5 grid

1,1,1,1,0,1,1
1,1,0,1,1,1,1
1,0,1,0,1,0,1
1,0,0,1,1,0,1
1,1,1,0,1,1,1
1,0,0,1,0,1,0
1,1,1,0,1,0,1

7x7 grid

1,1,1,1,0,1,1
1,1,0,1,1,1,1
1,0,1,0,1,0,1
1,0,0,1,1,0,1
1,1,1,0,1,1,1
1,0,0,1,0,1,0
1,1,1,0,1,0,1

9x9 grid

1,1,1,1,1,1,1,1,1
0,1,0,0,0,1,0,0,1
0,1,1,0,1,1,1,1,1
1,1,0,1,0,0,0,0,1
1,0,1,1,1,1,0,0,1
1,0,0,0,0,1,0,1,1
1,0,1,1,0,1,1,0,1
1,0,1,0,0,1,1,0,0
1,1,1,1,1,1,1,0,1

11x11 grid

1,1,1,1,1,1,1,1,1,1,1
0,1,0,0,0,1,0,1,0,0,1
1,1,1,1,1,1,1,1,0,1,1
1,0,0,1,0,1,0,1,0,1,1
1,0,0,1,1,0,1,1,0,0,1
1,1,0,1,0,1,0,1,0,0,1
1,1,1,1,0,0,1,0,1,1,1
1,0,1,1,0,0,0,1,1,0,1
1,0,1,0,1,1,1,0,1,0,1
1,0,1,0,1,0,1,0,1,0,0
1,0,1,1,1,0,1,1,1,0,1

13x13 grid

1,1,1,1,1,1,1,1,1,1,1,1,1
1,0,0,0,1,0,1,0,1,0,1,0,1
1,1,1,1,1,0,1,1,1,0,1,0,1
1,0,1,0,0,1,0,1,0,1,0,0,1
1,0,1,1,0,1,1,1,1,1,1,1,1
1,1,0,1,0,1,0,0,0,0,0,0,1
1,0,0,1,0,1,1,1,1,1,0,1,1
1,0,1,1,1,0,0,0,0,1,0,0,1
1,0,1,0,0,1,0,0,0,1,0,1,1
1,0,1,1,1,1,1,1,0,1,0,0,1
1,0,1,0,0,1,0,1,1,1,1,0,1
1,0,1,0,1,0,1,0,0,0,1,0,0
1,1,1,1,1,1,1,1,1,1,1,0,1

15x15 grid

1,1,1,1,1,1,1,1,1,1,1,1,1,1,1
1,0,0,0,0,0,0,1,1,0,0,1,0,0,1
1,0,1,1,1,0,1,0,0,1,0,1,0,0,1
1,0,1,0,1,0,1,1,1,1,0,1,1,1,1
1,0,1,0,1,1,0,1,0,1,0,1,0,0,1
1,0,1,1,0,1,0,1,0,1,0,1,0,0,1
1,0,0,1,0,1,1,1,0,1,0,0,1,1,1
1,1,1,1,0,0,0,0,1,1,0,1,1,0,1
1,0,0,0,1,0,1,1,1,0,0,0,1,1,1
1,1,1,0,1,1,1,0,1,1,1,1,0,0,1
1,0,1,0,1,0,0,0,0,0,0,1,0,0,1
1,0,1,0,1,0,1,1,1,0,1,1,1,0,1
1,1,1,0,1,1,0,0,1,0,1,0,1,0,1
0,0,0,0,1,0,0,0,1,0,0,0,1,0,0
1,1,1,1,1,1,1,1,1,0,1,1,1,0,1

17x17 grid

1,1,1,1,1,1,1,1,1,1,1,1,1,1,1,1,1
1,0,0,0,0,0,0,0,0,0,1,0,0,0,0,0,1
1,1,1,1,1,0,1,1,1,0,1,0,0,0,1,1,1
1,0,0,0,1,0,1,0,1,0,1,0,0,0,0,0,1
1,1,1,0,1,0,1,1,1,0,1,0,0,0,1,1,1
1,0,0,1,1,0,1,0,0,0,1,0,1,1,1,0,1
1,1,1,0,1,1,1,1,1,0,1,0,1,0,1,1,1
1,0,0,0,1,0,0,0,1,0,1,1,1,0,1,0,1
1,1,1,0,1,0,1,1,1,0,0,0,0,0,1,1,1
1,0,0,0,0,0,1,0,0,1,1,1,0,0,0,0,1
1,1,1,0,0,1,1,0,0,1,0,1,0,0,1,1,1
1,0,0,0,1,1,0,0,0,1,0,1,1,0,1,0,1
1,1,1,0,1,0,0,1,1,1,0,0,1,0,1,1,1
1,0,0,1,1,0,0,1,0,0,1,1,1,0,0,0,0
1,1,1,0,1,1,1,1,0,0,1,0,0,1,1,1,1
0,0,1,0,0,0,0,0,1,0,1,0,0,1,0,0,0
1,1,1,1,1,1,1,1,1,1,1,1,1,1,1,0,1
